north: 60000
south: 50000
east: 500000
west: 490000
rows: 100
cols: 100
478 473 * 471 480 484 481 475 486 481 474 476 481 493 502 512 524 529 521 487 469 471 469 471 473 478 479 482 475 480 480 479 485 484 482 496 521 531 514 532 539 522 504 514 520 541 566 557 553 567 574 586 587 592 604 616 625 619 626 632 629 604 582 563 554 554 555 557 567 573 586 603 610 623 644 667 685 699 691 693 693 702 707 712 719 724 736 753 771 789 809 826 851 864 888 915 953 980 996 1033 
479 479 478 470 471 476 471 471 477 475 475 476 480 495 503 506 518 537 538 514 484 471 476 474 474 481 483 500 493 488 492 479 477 478 475 484 510 512 514 531 541 533 529 528 537 559 552 550 540 555 555 570 569 575 590 601 609 612 631 630 621 598 581 569 555 559 559 550 560 561 568 577 590 603 625 656 680 699 706 707 699 708 712 710 710 721 728 744 755 777 804 823 851 864 869 904 927 956 978 1000 
475 478 482 484 474 470 470 469 471 471 473 472 475 496 504 500 509 536 540 535 502 476 479 472 477 481 482 479 502 499 487 480 479 479 471 476 495 500 512 534 534 538 552 543 552 560 551 538 537 545 545 555 558 566 575 583 593 609 614 620 608 591 575 574 560 549 565 556 552 557 562 570 577 575 613 642 663 682 696 715 711 711 720 711 702 711 725 732 751 766 788 811 836 853 863 890 926 932 959 988 
473 475 483 492 492 474 470 475 473 469 471 471 472 492 501 500 504 513 534 534 512 490 476 476 480 482 482 485 493 495 512 499 481 480 473 483 500 501 509 528 529 527 540 536 552 560 549 536 537 539 539 542 555 564 571 571 589 602 619 620 609 597 601 588 575 570 560 572 566 557 559 563 569 590 618 635 651 670 683 705 705 704 716 709 699 703 719 732 747 754 770 792 812 833 842 869 909 915 927 947 
474 475 480 487 485 479 472 480 476 470 474 472 472 483 489 497 500 505 514 516 502 484 471 474 477 481 493 500 503 497 504 500 481 476 475 487 497 499 506 522 522 519 525 527 547 564 575 575 562 546 544 554 566 565 575 579 588 602 620 623 620 618 611 592 586 576 560 584 574 562 563 563 570 587 606 622 640 663 678 686 697 692 707 702 689 698 708 720 742 748 758 778 801 818 826 852 874 895 907 914 
475 474 477 483 477 472 475 480 477 477 474 470 472 474 478 491 496 500 500 497 486 479 475 472 473 477 486 501 508 502 496 486 475 477 488 485 478 481 490 508 508 508 516 523 538 555 563 575 565 562 550 556 568 579 578 583 593 599 612 619 617 608 608 602 589 595 586 580 575 576 561 553 562 571 587 607 624 646 663 681 687 688 698 695 688 693 702 712 728 742 748 768 778 801 811 829 852 873 895 903 
483 473 475 476 473 472 481 485 482 485 473 470 471 472 473 474 485 492 490 491 486 487 480 471 473 475 481 497 511 505 490 485 483 473 494 484 480 477 479 484 488 488 500 514 525 542 549 555 557 553 550 555 565 569 572 580 586 589 596 598 597 599 600 594 595 599 591 578 594 585 567 549 548 563 573 590 616 634 641 665 676 675 681 690 691 697 707 711 721 724 740 753 767 778 794 813 839 867 902 912 
490 476 469 469 472 479 481 487 493 491 480 471 471 469 468 469 471 477 480 475 475 483 480 477 474 473 478 488 494 494 487 486 487 486 489 499 500 496 496 484 481 481 490 500 516 522 528 532 541 543 542 545 552 554 554 569 568 575 583 579 574 590 593 594 588 585 578 571 591 585 575 557 549 553 568 575 597 616 627 642 657 663 673 674 684 692 711 720 710 715 730 742 756 767 779 799 822 852 881 890 
482 476 475 471 475 481 492 500 495 499 498 487 476 475 474 471 471 472 474 474 472 475 478 478 474 474 482 481 483 480 476 486 490 491 491 501 503 499 496 493 488 484 480 490 501 502 513 513 527 545 551 550 558 564 564 566 567 573 571 569 560 583 598 600 586 577 573 569 576 580 568 555 550 550 557 570 583 598 612 628 647 656 670 682 691 695 699 706 705 709 715 730 740 754 760 785 809 829 852 861 
475 476 476 471 476 482 492 497 501 514 519 508 496 491 482 478 473 473 475 474 471 475 475 475 474 475 476 479 480 475 470 479 481 481 487 497 497 498 501 507 500 497 484 483 491 495 501 515 536 550 554 550 571 581 579 586 582 584 581 580 574 584 592 594 589 578 571 568 564 563 564 549 550 551 557 564 576 579 601 614 632 650 675 693 694 702 699 696 695 701 708 723 737 747 752 770 785 801 821 835 
475 477 475 470 474 481 490 493 506 522 532 530 517 505 504 498 486 479 483 479 478 483 480 476 479 484 477 475 476 475 476 478 490 494 493 502 501 497 507 520 515 506 493 485 482 488 502 521 535 541 544 550 575 593 607 609 608 610 610 608 593 578 581 585 586 584 578 564 552 554 553 546 552 558 548 562 567 572 583 603 623 645 671 692 710 727 726 717 702 697 705 713 728 747 756 769 772 795 803 821 
476 475 473 470 473 480 485 494 501 523 549 552 546 529 527 523 511 502 494 489 502 509 506 490 473 481 480 474 477 479 480 479 481 489 490 499 500 498 507 518 511 509 499 493 494 496 504 517 525 532 537 559 582 603 612 618 620 629 644 635 622 607 584 584 588 593 590 582 576 561 556 549 567 580 575 564 570 574 582 592 615 638 660 683 706 733 750 746 727 708 701 713 723 746 767 771 768 785 808 837 
477 476 473 470 473 477 483 493 499 517 547 568 564 551 555 553 548 535 519 510 517 522 518 498 484 473 475 473 488 486 487 487 480 484 482 487 492 489 498 506 507 503 510 518 514 511 512 521 523 528 535 558 582 602 622 621 624 637 641 646 650 636 609 596 605 609 605 602 588 577 565 565 579 594 595 596 593 586 579 592 590 620 646 665 694 721 746 758 754 731 709 709 720 739 760 763 765 780 805 820 
476 475 470 471 471 476 476 484 490 500 524 552 557 554 557 568 577 568 555 535 530 532 529 507 490 482 474 475 485 486 485 484 481 476 480 482 485 486 494 494 497 505 528 540 541 544 546 544 539 536 534 550 577 599 614 617 620 633 648 656 656 650 642 620 606 612 620 624 609 595 579 587 597 607 612 620 615 602 595 597 601 612 631 655 673 700 727 755 762 739 723 711 715 731 748 761 762 781 794 811 
481 478 474 470 472 476 480 482 487 492 503 525 539 539 555 567 581 580 563 551 541 548 548 530 515 500 479 492 485 485 485 479 480 487 494 490 490 482 486 483 489 507 526 546 560 576 581 568 558 552 536 541 571 589 603 612 615 633 640 644 642 642 641 631 615 608 620 631 632 616 597 596 604 616 620 612 610 602 602 609 602 607 619 636 649 677 703 733 747 741 729 715 710 724 742 755 770 778 790 812 
476 475 474 473 475 475 479 481 485 487 494 502 515 524 539 560 569 576 562 551 540 550 552 553 541 523 514 507 504 499 487 478 477 489 490 483 491 496 493 492 488 508 528 546 561 590 600 600 586 571 552 545 560 578 590 603 609 620 630 633 632 632 626 626 621 610 612 618 627 627 611 599 610 621 625 615 606 607 604 618 623 613 606 611 639 654 676 698 720 728 725 722 714 722 736 754 777 784 799 831 
479 475 473 475 473 475 479 480 483 486 489 497 496 508 520 540 552 559 555 544 533 541 550 552 541 528 528 526 525 516 498 487 481 488 491 488 489 493 493 491 490 502 521 545 557 586 608 615 606 582 558 548 548 564 578 595 601 608 621 621 622 617 620 613 622 610 593 604 608 619 608 596 608 628 626 617 606 612 609 613 622 614 602 602 610 639 654 668 693 712 714 715 722 731 745 768 796 812 825 842 
479 476 475 475 473 476 480 497 496 496 488 490 493 497 503 515 525 534 535 530 517 528 540 541 533 525 538 543 534 522 513 501 487 488 490 488 488 490 489 496 496 494 510 529 550 575 592 600 597 580 555 551 542 556 563 588 601 604 606 606 606 606 605 610 621 620 599 587 596 601 596 585 603 622 623 613 608 616 632 613 614 610 599 600 612 622 642 650 672 701 719 727 737 745 757 785 815 846 852 862 
481 481 478 476 473 475 487 499 502 499 496 487 487 493 496 498 501 509 511 512 499 512 526 532 525 526 538 547 534 528 520 509 496 488 486 486 493 492 494 494 499 500 497 517 538 554 569 576 574 569 556 544 539 547 563 584 596 596 595 593 598 598 595 600 609 612 602 581 575 586 591 584 589 604 609 606 604 612 615 609 595 596 594 601 610 611 641 659 667 692 724 738 752 773 779 793 829 872 885 884 
481 481 480 478 475 472 480 490 491 489 487 484 480 484 487 493 496 495 499 495 486 497 509 522 521 523 539 544 534 539 532 525 511 495 485 486 491 491 491 496 506 500 494 506 523 540 548 551 556 553 545 541 535 538 560 580 585 581 580 582 584 588 588 590 591 594 589 579 549 568 578 584 579 588 595 595 595 596 596 596 585 585 583 595 609 618 642 665 684 701 720 743 772 784 791 802 834 866 872 871 
484 482 480 477 476 473 474 479 481 481 479 484 484 483 491 483 497 495 486 481 479 486 494 505 512 521 529 541 542 548 545 539 525 516 499 489 492 494 495 495 503 498 500 496 513 532 538 525 531 536 550 553 545 535 556 574 581 573 562 567 564 567 569 569 569 575 578 573 555 547 559 574 577 575 582 583 580 578 571 569 568 564 568 582 602 622 648 671 690 709 718 746 773 791 794 797 818 843 854 850 
484 482 478 478 478 477 475 475 475 476 477 480 479 476 481 477 486 489 488 481 472 473 482 487 498 515 526 547 555 560 558 551 537 524 514 497 485 490 494 493 493 499 501 491 504 515 518 515 510 529 556 569 559 533 559 570 581 577 566 572 565 557 555 552 553 557 561 560 549 529 529 552 564 564 568 568 572 563 557 552 551 550 558 570 589 613 643 670 693 711 724 750 774 791 799 795 809 825 831 841 
483 481 478 478 477 476 477 478 478 478 477 478 478 475 472 472 478 484 490 487 471 467 470 469 485 508 534 559 581 581 577 557 543 532 520 505 490 485 490 487 486 491 498 494 497 500 503 503 500 523 552 570 565 556 568 580 580 575 570 569 567 559 550 541 538 542 548 547 537 521 511 532 548 548 552 554 557 551 538 543 540 543 550 555 578 599 635 668 694 715 735 749 771 792 800 803 800 811 818 834 
483 481 478 478 477 477 479 488 485 479 478 480 479 480 475 469 476 478 482 485 477 468 466 468 490 512 537 561 581 592 594 577 550 540 525 505 501 486 481 486 485 482 495 488 497 503 492 486 495 521 545 559 561 569 571 584 588 578 573 571 575 573 562 540 530 530 536 538 527 514 510 515 528 530 529 527 534 535 525 519 524 530 543 546 566 590 626 666 696 719 747 762 780 797 803 807 799 807 811 820 
484 481 479 477 477 477 485 485 480 478 481 479 479 479 475 470 473 474 476 483 482 477 473 478 493 509 537 554 572 585 590 577 554 541 523 515 503 500 490 485 486 484 487 489 489 494 487 485 484 510 530 539 550 559 568 582 594 598 589 596 590 596 584 548 530 538 541 539 524 512 502 476 514 518 516 514 514 520 522 518 518 523 530 544 563 586 619 659 692 720 752 774 784 802 811 804 802 801 806 811 
489 486 481 477 476 477 481 481 476 476 476 474 477 476 473 469 472 471 473 480 477 488 473 483 488 508 531 548 561 574 577 570 558 541 527 512 505 513 507 507 492 485 484 482 489 488 487 486 488 493 513 525 535 550 563 578 594 615 618 627 625 621 615 578 552 557 564 558 537 523 510 497 510 509 508 508 511 505 510 514 517 521 528 539 554 580 612 648 688 717 748 776 792 810 810 808 805 798 799 812 
487 485 482 479 475 475 474 475 473 473 472 471 472 474 473 470 466 469 469 480 480 491 483 480 481 501 522 534 553 560 563 563 552 540 531 525 523 531 529 527 511 490 484 486 485 486 486 486 493 490 493 506 521 539 558 579 597 618 633 636 646 656 649 622 596 585 581 567 553 535 528 516 510 513 503 513 503 512 498 509 511 516 530 536 545 569 600 640 678 708 735 772 788 811 818 823 807 804 789 798 
482 481 479 479 476 475 475 473 473 472 470 470 470 471 471 470 470 472 478 482 485 487 490 484 486 494 512 531 543 547 552 552 549 552 548 550 556 547 547 545 530 509 488 485 488 487 491 494 504 508 501 499 510 532 554 574 592 620 640 636 647 657 664 651 632 613 593 577 563 550 538 528 519 517 509 511 512 521 520 513 506 518 523 527 544 560 593 631 665 697 724 755 784 801 806 813 816 825 819 816 
484 484 483 481 479 476 475 477 475 473 471 469 469 469 471 472 471 474 482 488 487 483 484 483 486 496 507 524 533 540 544 549 558 567 569 574 571 570 566 555 543 522 498 491 499 503 508 520 532 537 520 517 507 520 546 566 590 614 633 648 658 665 682 673 655 637 617 586 575 566 550 540 531 521 508 518 521 533 535 524 523 525 530 538 538 550 585 619 650 678 711 745 778 794 801 809 816 840 849 835 
487 485 489 490 491 489 482 483 479 481 474 469 468 474 479 470 472 474 476 493 488 476 480 480 484 492 502 515 528 536 545 551 563 576 591 591 585 585 577 570 553 532 515 508 511 521 531 546 553 550 539 538 526 514 536 557 582 603 627 649 665 671 681 681 667 657 645 611 601 582 568 560 543 532 522 524 533 532 534 531 527 526 531 539 534 530 572 607 633 659 696 731 767 787 790 802 810 829 841 845 
493 490 505 504 498 494 489 489 489 484 477 472 469 481 480 472 471 472 474 477 476 472 478 480 481 484 496 510 522 535 547 554 568 584 595 601 604 608 601 586 567 542 528 532 530 531 539 556 567 570 560 560 545 526 529 551 575 596 618 645 663 669 680 685 680 672 664 639 621 605 591 577 560 539 531 541 541 543 543 539 534 526 529 536 535 544 565 600 624 651 681 716 747 771 790 792 801 809 823 836 
500 498 506 499 498 496 494 489 485 483 473 471 472 475 481 479 467 469 472 482 483 478 478 480 481 486 496 508 520 526 543 554 572 585 597 608 628 635 630 602 576 558 548 546 543 536 541 559 578 591 581 569 568 543 530 547 571 591 607 640 661 679 689 699 694 689 680 657 646 633 618 594 573 555 540 547 553 555 550 543 537 536 537 536 548 550 560 587 612 634 667 700 728 760 784 789 790 800 815 825 
508 504 506 506 500 496 491 484 481 473 469 469 475 475 488 483 465 467 469 471 483 475 473 477 479 488 496 509 514 527 540 555 571 582 596 610 624 630 629 612 585 567 559 563 557 549 541 553 572 593 595 578 582 566 552 548 569 588 606 635 662 684 710 713 706 703 689 677 671 663 646 622 591 570 549 547 549 551 549 546 550 538 554 548 541 548 559 576 600 623 651 679 708 751 769 783 792 791 805 834 
503 500 500 498 494 490 487 482 480 471 473 474 473 479 495 494 478 474 466 483 488 489 481 475 480 483 495 508 513 526 538 552 571 580 594 607 617 619 618 608 582 562 564 573 567 559 558 559 567 585 595 596 593 585 570 562 564 584 607 631 660 691 709 722 724 715 702 693 680 664 672 649 617 588 562 547 546 551 546 552 569 576 576 571 556 548 554 568 584 617 637 650 686 735 759 777 792 795 805 827 
493 490 492 489 489 490 487 486 482 477 476 475 469 471 486 487 481 473 480 486 495 498 487 480 481 487 495 506 511 530 541 559 580 583 596 610 610 610 607 599 581 572 570 583 581 579 570 572 575 589 593 604 608 603 593 586 566 583 602 624 649 677 699 725 737 734 713 708 710 705 701 673 640 608 578 553 538 552 557 562 580 581 594 598 581 568 548 557 587 610 636 658 684 723 751 765 787 799 808 817 
485 482 483 484 487 489 493 495 489 480 476 481 479 469 471 480 471 472 478 486 494 491 483 484 484 485 495 512 523 531 541 567 584 587 603 611 609 603 601 590 581 579 588 590 589 596 582 579 577 594 599 613 624 620 601 596 580 580 598 621 641 666 688 718 734 740 729 723 737 728 715 686 655 623 593 564 555 562 572 579 589 594 612 606 596 592 571 557 578 602 621 644 673 704 734 758 782 806 814 813 
473 473 473 477 485 488 493 494 491 479 477 483 481 480 475 473 469 471 475 485 491 490 483 505 493 489 499 517 524 534 549 571 592 600 613 629 628 612 598 588 580 582 592 593 597 602 595 585 586 596 603 613 626 627 611 610 594 582 598 621 635 652 680 706 718 733 731 728 740 739 724 691 666 639 610 577 569 583 589 587 599 605 620 623 611 599 584 570 570 597 614 625 659 685 709 734 766 793 807 810 
473 473 473 473 476 488 492 493 487 478 475 474 473 475 476 473 469 470 470 471 486 486 496 507 500 495 497 511 526 537 551 576 596 602 622 633 632 615 606 593 586 586 594 594 599 613 600 599 600 602 605 611 628 633 625 615 608 602 616 622 637 648 675 692 704 726 724 729 740 736 732 703 674 644 621 597 592 598 599 598 606 617 610 619 613 592 579 566 566 588 603 628 646 663 687 713 745 772 792 810 
473 473 473 473 473 477 489 489 482 477 477 476 472 474 477 473 478 474 471 474 486 485 493 499 502 496 492 504 521 537 552 577 582 604 621 623 624 617 608 602 591 587 594 591 597 620 618 602 605 602 607 614 621 632 625 614 609 612 620 625 630 644 666 690 705 718 727 731 752 750 741 714 684 653 629 620 615 615 616 610 615 624 615 608 601 586 572 571 584 576 601 624 630 639 669 691 721 749 774 806 
473 473 473 473 473 473 478 482 482 481 482 480 478 476 474 489 478 479 468 472 479 487 489 499 499 496 494 507 519 532 552 578 595 613 620 625 623 616 614 602 597 598 610 602 617 627 631 622 615 610 615 620 621 627 625 625 620 623 629 631 632 639 654 684 699 717 736 755 764 764 756 729 696 660 648 634 631 633 634 625 621 622 619 594 602 605 586 576 583 576 585 611 623 632 663 684 701 727 755 780 
474 473 473 473 473 473 487 490 484 487 488 486 479 474 478 478 482 481 470 473 477 480 489 499 497 491 501 519 523 526 549 577 598 617 622 625 626 626 627 614 602 615 618 620 628 633 640 647 628 626 620 623 619 627 626 623 628 630 637 637 638 637 653 672 690 710 738 765 785 795 779 747 712 673 654 649 649 659 656 645 630 620 620 608 614 624 607 583 573 580 574 599 618 636 655 671 686 706 729 757 
487 473 473 473 473 473 487 490 485 492 487 484 478 472 480 474 477 476 468 474 477 483 485 485 492 481 501 523 530 525 552 580 599 612 623 630 631 637 637 623 617 618 627 630 638 648 671 671 652 640 642 629 631 631 628 628 630 642 651 660 654 646 645 658 680 706 736 766 798 814 798 765 721 681 661 651 656 662 673 661 647 624 614 611 611 625 615 595 573 574 580 592 609 624 641 660 676 692 713 734 
489 483 477 473 474 482 486 489 493 495 486 479 475 475 478 475 474 473 469 469 481 480 485 487 484 481 486 517 525 526 557 583 602 611 631 636 631 640 646 637 631 629 634 641 645 654 685 695 672 646 646 644 639 640 632 637 640 665 674 676 670 660 650 651 670 695 730 764 794 806 799 768 729 694 667 652 654 660 677 665 653 628 611 600 592 613 612 596 582 576 581 582 600 613 628 644 666 682 697 720 
488 489 487 479 488 484 489 491 493 492 488 484 484 481 477 476 476 473 474 476 476 479 481 486 487 484 476 500 511 526 554 582 601 616 631 636 632 647 657 658 654 645 646 645 652 661 685 694 681 655 646 648 644 635 632 642 662 679 692 693 690 678 665 650 658 683 715 754 782 789 787 760 727 693 668 646 645 653 666 659 650 629 612 600 595 593 595 590 590 584 579 583 593 605 620 633 655 672 688 710 
483 485 484 478 483 482 488 487 489 488 486 482 482 480 477 475 474 476 481 478 477 483 482 486 485 485 476 485 498 520 545 575 594 607 624 631 630 655 666 664 668 666 655 653 662 667 680 684 681 666 642 650 653 631 636 648 675 690 700 706 717 711 691 659 648 669 699 732 759 768 767 750 720 694 661 642 641 642 646 642 634 621 609 600 607 599 590 585 585 581 583 587 593 610 622 635 647 659 676 699 
478 478 479 476 478 480 485 484 485 485 483 481 480 479 477 475 477 479 480 480 478 480 483 486 486 486 484 476 492 511 543 566 579 600 614 625 635 660 674 685 688 679 657 657 669 674 678 675 679 669 645 650 651 636 640 660 673 696 708 720 730 731 715 682 657 655 676 704 732 746 748 736 714 694 659 644 631 625 629 623 623 622 605 601 617 614 596 590 590 590 588 599 601 607 619 634 642 652 672 689 
473 473 473 473 476 480 479 479 480 481 481 478 478 478 476 476 477 481 485 480 473 474 485 484 485 486 484 479 486 504 527 551 554 589 596 629 639 657 673 685 687 682 666 655 667 677 682 683 677 669 651 643 643 634 640 662 679 702 716 726 739 746 741 709 668 659 649 670 708 728 731 725 709 690 659 640 624 616 615 625 640 650 635 621 637 633 622 600 589 598 606 611 600 610 617 631 637 653 666 680 
470 469 469 472 473 475 475 476 476 478 479 477 475 476 476 475 476 478 479 476 472 479 488 480 482 490 494 482 485 491 516 536 554 580 601 624 634 642 657 675 680 672 661 657 676 677 695 695 689 678 658 641 643 637 633 657 683 706 718 730 746 752 755 733 691 670 643 653 683 704 712 711 713 692 660 639 622 620 630 639 641 652 653 649 654 647 639 622 596 602 606 605 617 614 614 633 638 649 659 679 
468 467 467 469 471 472 472 473 475 480 479 476 474 475 475 473 475 475 474 475 474 481 485 483 484 488 496 495 487 483 497 516 534 566 591 607 622 633 649 660 665 665 655 661 672 693 701 707 706 690 666 643 642 641 627 655 678 707 723 736 749 771 778 755 722 689 650 642 666 685 693 705 708 688 666 639 627 646 657 657 657 660 664 660 661 659 655 645 624 610 610 611 626 626 624 633 644 651 656 673 
467 466 465 466 469 470 470 471 474 476 476 474 471 472 472 470 473 472 471 470 476 485 490 490 485 486 496 502 497 487 489 497 518 543 568 590 604 628 639 648 651 658 653 660 675 693 713 715 708 701 668 647 638 640 635 653 673 699 723 737 754 771 774 775 752 714 680 654 655 651 669 688 691 682 656 650 638 662 668 662 657 674 675 684 683 679 668 657 646 632 627 619 630 630 634 645 646 658 659 666 
465 465 465 465 467 470 470 474 475 477 475 473 471 468 471 471 472 470 472 472 480 482 493 499 490 489 491 500 498 501 501 508 499 519 545 572 587 610 627 640 644 647 635 658 679 690 701 709 708 702 679 651 635 634 633 645 671 693 715 732 744 758 772 786 770 737 702 675 665 660 664 670 675 663 656 653 656 666 673 663 673 681 672 686 705 696 682 674 662 642 642 637 639 644 644 645 650 654 662 664 
466 465 465 465 467 468 470 474 475 475 473 472 471 470 471 470 471 468 474 473 475 485 486 491 499 500 492 503 513 513 504 508 493 501 526 552 564 592 613 623 622 637 637 646 663 675 681 689 690 691 683 661 636 624 627 635 663 685 708 728 733 750 760 771 780 757 730 708 685 670 663 669 665 670 676 680 678 669 678 682 693 699 685 678 715 713 699 689 674 661 647 641 641 641 643 646 646 651 659 663 
467 465 465 465 466 468 471 472 474 473 471 471 471 472 472 470 472 469 465 469 477 485 485 488 500 501 495 501 506 507 501 505 504 502 511 525 544 571 597 610 619 623 624 629 646 649 658 667 671 676 671 662 635 616 613 626 654 674 699 726 747 758 762 769 779 776 757 733 706 675 672 675 679 682 681 685 682 684 696 694 687 698 714 723 713 714 727 713 696 673 653 636 645 645 651 658 653 645 650 655 
467 466 466 465 467 468 470 470 472 471 470 470 470 470 473 469 478 479 470 476 485 489 491 494 503 502 503 505 510 502 494 495 503 501 493 506 524 551 578 598 606 605 621 624 632 631 639 652 666 667 659 651 632 608 613 628 645 662 683 713 738 761 766 778 785 790 772 754 728 700 689 690 703 704 703 691 687 692 700 697 698 697 703 732 735 748 751 739 718 687 671 649 645 648 650 656 655 649 644 648 
464 463 464 465 468 467 470 472 470 471 470 465 471 468 473 470 484 485 476 484 495 503 511 511 516 515 507 503 515 516 501 485 489 493 495 492 512 531 562 582 588 597 608 609 622 623 625 640 653 652 642 637 629 615 610 629 638 651 669 694 722 755 781 786 799 809 798 771 752 720 712 708 710 717 721 709 702 695 695 700 703 703 710 731 760 777 775 757 728 707 682 670 649 645 645 639 642 639 643 643 
463 463 463 464 464 467 469 470 469 470 466 469 471 465 472 470 483 486 489 499 511 516 520 519 516 514 502 498 507 514 515 482 486 489 489 491 506 522 544 561 576 589 595 602 604 614 616 621 629 632 632 626 626 621 610 616 631 640 656 678 707 738 773 808 815 825 821 794 766 742 735 719 721 722 730 729 711 707 692 699 703 710 706 733 758 783 788 779 748 724 700 679 662 654 646 644 641 632 629 635 
461 462 463 464 464 463 466 468 468 466 465 466 470 465 469 473 486 491 498 506 515 515 514 512 511 509 500 491 497 509 522 501 497 509 499 491 490 506 523 549 572 590 599 598 587 606 609 620 620 623 619 615 616 607 603 603 620 631 647 668 693 723 761 805 844 850 837 807 782 762 747 737 729 731 734 735 729 721 711 709 712 716 713 719 752 783 800 802 784 754 729 701 683 664 665 660 650 633 623 622 
462 460 464 464 465 469 465 463 465 465 465 465 465 470 470 476 485 489 495 504 511 509 505 504 505 505 501 491 495 505 520 517 516 527 523 501 495 493 510 530 553 575 582 583 583 592 597 610 620 604 604 600 601 597 598 599 609 626 640 655 678 708 743 788 835 867 851 824 803 779 763 751 739 743 743 739 737 728 722 726 727 725 723 730 764 783 799 820 809 777 747 719 690 688 677 666 659 653 630 621 
463 461 462 462 463 464 463 463 465 465 463 466 466 470 478 480 480 487 494 497 504 501 502 496 495 496 487 484 486 499 512 514 515 516 519 511 498 498 502 514 531 548 563 568 572 577 589 602 610 607 592 583 580 582 586 591 599 623 635 645 670 687 728 770 818 866 880 847 821 803 784 770 744 748 749 747 750 744 740 746 743 741 746 761 770 786 803 817 820 795 770 744 713 710 693 684 672 663 643 624 
464 462 461 463 465 463 464 465 465 465 465 471 466 464 478 489 494 491 504 497 494 491 490 499 497 495 489 482 490 492 501 502 502 506 509 520 497 490 491 497 512 530 545 555 556 561 573 584 597 603 598 592 585 575 571 580 596 617 636 642 663 678 717 755 798 842 881 866 842 818 797 784 762 755 756 758 759 761 765 760 748 741 753 770 776 788 805 829 829 812 793 767 749 727 711 698 686 675 657 645 
465 464 461 463 464 464 464 463 464 461 467 465 464 460 469 483 491 493 495 497 494 487 497 505 514 506 497 491 487 494 492 493 494 499 507 512 509 490 485 508 510 507 523 534 532 538 551 564 583 599 608 621 599 577 567 562 585 604 623 641 648 676 703 737 775 814 852 869 853 824 803 784 773 768 774 761 767 776 772 765 760 764 772 770 777 791 801 826 830 828 804 780 766 748 726 707 703 692 671 661 
463 468 463 460 459 461 460 460 463 470 482 474 465 458 461 476 482 487 486 487 489 487 495 505 516 506 510 492 491 490 490 485 486 486 489 495 505 492 491 508 513 515 504 512 513 525 533 544 571 590 611 633 635 615 595 565 567 591 610 622 639 666 688 716 748 784 819 838 834 813 801 787 775 795 791 769 765 770 768 766 760 783 789 782 789 790 794 818 822 821 818 791 768 755 743 719 712 705 696 679 
464 464 464 463 460 460 461 460 461 482 486 479 463 461 460 461 465 471 477 481 480 486 495 501 507 502 502 494 490 488 497 488 481 481 481 487 493 492 493 498 504 515 511 515 504 510 526 539 559 577 596 618 629 625 606 590 562 568 596 609 628 651 673 697 724 756 790 817 815 796 787 784 776 789 794 779 765 767 766 762 771 785 788 790 790 791 796 802 810 816 814 795 773 760 750 743 724 720 712 704 
463 463 462 462 460 467 462 461 472 481 482 471 460 461 459 460 460 459 467 469 471 484 488 490 489 495 493 491 476 488 503 492 475 474 475 480 483 484 487 481 495 509 513 512 516 524 509 524 545 558 575 593 605 606 601 599 576 576 588 599 613 637 659 678 704 734 769 798 810 806 794 781 778 778 790 789 764 762 765 766 771 781 797 801 796 805 798 799 800 804 803 795 778 763 758 748 741 731 722 722 
460 460 462 462 460 463 463 466 470 478 472 462 460 460 461 459 460 460 459 461 464 471 479 485 470 477 477 483 478 475 481 485 482 480 475 482 481 485 485 481 488 494 500 509 528 539 530 516 528 544 556 571 583 588 591 582 567 575 580 589 600 621 642 659 684 711 744 770 784 787 785 785 778 775 782 784 772 763 768 771 772 784 802 805 800 819 810 805 808 806 801 786 773 765 760 747 736 735 732 725 
461 460 460 462 460 463 463 468 470 469 465 461 460 461 463 461 463 461 461 459 460 461 470 471 467 471 468 471 480 486 472 484 481 481 480 481 484 483 483 480 483 485 493 512 523 527 530 522 517 529 538 553 567 575 580 576 565 568 571 580 594 610 627 643 658 686 714 741 754 761 763 769 772 775 776 779 775 770 780 782 783 784 796 802 804 808 806 821 823 803 801 775 765 751 752 745 735 733 737 753 
465 460 461 461 460 463 462 466 464 465 461 462 464 464 466 462 464 470 462 459 459 460 466 465 466 469 467 470 475 479 468 481 480 480 479 475 477 480 486 475 480 482 495 509 519 522 523 514 512 519 521 535 544 560 573 576 571 561 561 572 582 599 613 628 644 665 694 713 731 737 748 752 759 773 789 782 782 787 789 793 792 797 800 806 804 800 792 806 811 799 790 777 762 750 745 741 735 735 753 767 
469 462 460 460 461 462 462 462 462 463 463 460 465 464 464 464 463 464 460 460 459 460 463 465 465 465 466 469 474 466 465 468 474 471 476 474 475 475 478 469 475 478 490 496 513 525 525 512 512 503 508 519 532 550 558 560 559 555 560 569 577 589 601 613 627 646 670 684 699 719 734 745 750 769 787 800 803 796 802 812 806 806 821 819 807 792 791 797 793 792 786 783 766 741 750 742 739 739 753 772 
481 468 459 459 460 461 461 462 462 462 460 460 464 464 464 464 462 460 461 460 459 460 461 465 465 465 466 465 465 466 465 471 485 483 485 483 471 477 475 470 471 480 487 491 509 519 516 511 505 494 495 511 520 535 541 547 541 544 559 564 576 581 591 599 612 630 649 666 690 715 725 735 744 761 781 799 804 802 803 813 814 810 832 834 820 803 812 814 810 808 807 796 783 771 754 742 740 739 746 757 
495 478 464 460 463 465 461 460 462 461 460 460 463 467 469 463 462 463 462 459 459 460 460 462 464 465 465 465 465 468 465 478 489 492 487 478 481 473 476 470 481 483 490 491 508 524 518 506 493 487 490 511 528 527 525 529 531 539 551 551 570 575 580 587 598 617 631 656 683 705 719 729 743 758 778 794 794 806 813 816 814 809 818 824 822 809 820 842 848 851 832 814 798 785 764 745 741 743 735 740 
512 489 467 461 464 469 462 461 459 462 462 461 464 471 470 465 461 462 462 460 460 461 460 460 462 464 465 468 465 465 467 482 494 490 497 479 474 471 473 480 481 491 501 505 508 514 511 505 489 502 507 509 515 519 515 512 522 531 540 545 555 562 567 576 589 604 623 641 669 696 715 728 741 757 773 789 801 815 835 841 834 820 816 814 811 806 819 848 871 880 859 836 821 805 785 769 758 746 740 730 
533 506 478 463 464 470 462 462 462 461 460 462 462 464 460 461 461 463 462 460 460 457 462 460 462 463 467 470 467 467 480 479 490 488 492 484 472 467 472 480 481 491 493 495 498 499 496 499 495 515 527 508 502 508 531 533 519 514 520 533 543 549 558 568 586 602 619 652 684 701 718 728 745 760 774 788 797 810 826 845 851 836 822 812 810 804 814 842 867 892 891 874 865 838 814 796 776 757 742 740 
558 533 500 478 471 470 464 464 463 462 460 460 461 460 461 460 460 463 463 460 460 460 464 463 462 463 465 465 469 466 485 484 485 491 484 476 467 469 470 474 477 479 477 483 497 507 497 494 494 514 524 519 523 541 547 561 552 530 510 522 532 543 552 565 584 598 621 652 686 710 733 742 760 779 800 807 800 803 813 828 840 852 837 814 808 806 810 835 854 876 886 905 925 875 843 822 795 775 757 746 
591 563 531 500 482 477 473 468 463 464 462 465 460 461 463 463 461 462 463 461 460 460 461 459 461 461 463 464 464 464 477 483 480 485 489 476 471 474 466 467 475 480 466 482 496 505 498 501 513 507 520 538 553 561 560 560 555 549 537 522 527 539 546 557 578 589 610 641 674 704 731 752 771 793 824 831 811 800 800 812 823 838 841 823 810 802 800 819 840 852 863 892 933 906 875 850 826 802 777 754 
621 586 561 526 509 505 487 471 473 463 464 466 461 460 459 461 461 463 462 463 462 462 460 460 460 460 463 460 462 463 467 471 479 491 487 479 484 475 470 475 474 478 470 477 498 497 500 516 523 512 514 539 551 556 547 550 557 563 555 537 518 532 538 553 566 584 601 632 658 684 708 726 747 774 801 822 816 801 792 800 807 818 830 828 813 800 790 800 817 828 840 861 879 891 891 877 846 823 789 764 
651 618 585 551 542 529 513 496 490 473 465 470 465 461 462 462 459 462 462 464 465 467 463 460 460 462 462 461 460 462 460 465 469 485 479 476 481 478 471 475 478 479 474 475 485 490 493 510 511 511 517 534 540 543 540 544 555 558 560 549 517 528 535 545 549 574 596 615 639 655 676 695 715 735 763 788 797 795 784 789 793 793 813 816 813 805 793 792 800 811 824 835 851 861 876 871 866 833 800 772 
670 646 618 589 568 556 543 528 509 493 480 473 470 462 464 461 461 462 462 465 466 467 462 459 462 464 463 460 460 461 462 462 468 478 473 482 481 480 475 481 478 480 474 475 475 478 485 494 502 502 504 520 522 530 534 534 546 553 555 552 527 513 526 539 550 559 581 599 615 629 650 667 682 703 721 741 760 768 773 778 778 775 789 800 799 794 786 779 790 798 812 817 827 843 864 869 874 844 811 782 
699 672 648 623 599 583 572 558 535 517 494 475 464 460 461 460 460 457 462 465 466 464 461 459 461 464 469 470 462 461 462 460 461 469 473 488 491 480 478 484 476 472 473 468 476 469 473 491 506 519 521 501 505 516 530 530 534 543 547 545 525 499 499 524 544 561 568 588 601 613 631 644 658 669 683 700 713 732 746 756 757 769 773 786 787 779 775 775 777 790 800 802 806 824 843 852 853 854 828 791 
731 708 684 661 632 610 596 578 561 535 515 492 474 462 462 461 460 461 462 463 465 461 459 460 460 464 473 475 462 461 460 459 461 463 465 474 481 485 490 487 481 476 473 471 472 471 472 478 496 506 518 515 512 510 525 524 520 520 529 526 514 486 495 527 550 568 580 592 595 605 619 627 636 644 653 664 675 692 711 721 738 754 768 780 781 774 772 773 780 778 780 789 793 804 818 828 843 854 846 806 
766 742 723 694 668 639 618 598 581 557 532 507 486 467 463 461 459 461 463 462 460 459 460 460 460 462 467 471 463 462 462 462 462 460 463 471 474 489 495 491 486 483 478 473 471 470 481 479 482 499 510 512 512 503 513 515 516 518 511 507 495 474 494 527 549 569 584 598 598 602 608 615 619 626 630 636 643 654 671 685 712 740 773 789 787 782 773 773 770 771 758 785 790 792 803 812 825 835 847 822 
803 787 756 730 701 670 639 618 597 573 548 523 497 477 464 461 458 462 464 464 462 459 460 466 461 460 464 464 463 461 462 462 460 460 462 462 464 476 489 496 499 497 486 478 484 477 475 475 486 483 498 500 520 523 518 510 512 506 506 503 500 481 502 529 556 568 579 594 596 592 600 613 616 610 609 617 622 628 642 657 683 721 757 798 800 784 774 776 759 763 764 770 779 782 793 804 814 822 833 835 
856 842 811 772 740 708 673 650 627 602 570 540 510 484 464 460 459 463 465 465 460 460 459 466 459 461 464 464 460 460 460 460 460 460 460 462 471 472 478 485 499 498 491 479 486 480 475 477 484 478 489 506 521 533 530 528 522 520 513 499 500 483 513 533 553 568 576 583 591 593 600 616 633 625 603 601 604 608 620 640 668 710 747 793 807 802 793 781 770 763 760 763 772 784 792 799 808 817 826 831 
887 882 853 817 778 737 700 675 655 626 591 550 520 490 466 459 462 463 463 462 462 460 459 461 462 463 464 465 460 458 459 459 460 459 460 465 470 474 475 489 503 501 495 489 491 483 470 480 480 481 481 498 515 525 529 530 530 524 515 505 504 503 518 537 555 565 569 568 575 578 594 612 631 635 624 602 594 600 609 623 656 696 730 767 809 824 820 800 775 761 759 760 768 773 787 799 808 809 823 839 
913 931 894 852 810 770 723 693 669 639 608 568 533 505 473 459 462 465 463 464 463 460 459 460 464 464 461 461 464 467 459 460 460 460 461 462 470 477 483 484 500 504 505 498 492 482 471 476 485 477 480 497 503 517 511 516 520 527 525 509 504 508 526 544 557 565 566 569 565 575 585 607 620 632 631 629 608 599 607 618 643 671 714 753 796 836 853 823 795 775 757 758 758 767 773 789 796 814 826 848 
931 974 933 890 832 792 745 709 675 647 622 586 545 518 484 457 461 465 463 465 463 459 461 460 460 462 462 458 459 459 460 459 460 463 455 461 469 473 480 483 488 500 505 505 497 494 477 473 476 475 475 486 496 506 511 511 513 526 525 519 513 513 528 542 557 565 564 567 565 561 576 597 617 640 650 645 631 614 613 626 646 669 708 739 786 825 870 858 827 798 769 759 759 758 765 773 783 800 817 840 
937 979 950 932 861 817 759 720 694 666 634 594 556 526 496 462 461 463 462 461 462 460 462 461 460 460 461 461 460 460 460 460 460 464 460 462 468 465 475 479 481 492 504 505 506 496 484 476 476 475 475 484 487 495 500 501 507 514 520 526 522 516 526 541 550 563 560 564 560 551 566 586 609 633 656 666 654 633 629 636 650 669 702 730 770 807 851 886 860 829 794 767 764 761 764 770 771 785 806 821 
935 983 969 958 887 834 781 737 708 678 643 604 564 530 497 465 460 461 460 459 457 458 458 460 457 459 461 462 458 463 466 459 460 460 465 467 463 462 465 467 477 492 501 499 501 500 485 475 475 473 474 488 482 487 489 497 493 507 511 525 526 515 521 542 539 542 547 547 546 542 560 578 593 620 645 662 664 642 631 637 649 661 689 715 748 788 829 870 884 862 829 797 786 773 767 760 765 775 794 810 
928 979 956 956 917 852 801 756 722 691 654 613 570 536 498 462 458 458 458 457 456 459 459 461 459 459 459 457 459 464 466 461 464 463 466 465 461 466 475 466 472 488 498 495 488 490 483 472 465 470 478 490 485 479 493 505 495 496 502 518 522 517 516 524 531 535 537 535 536 540 558 572 587 610 631 648 658 648 636 641 648 655 671 704 731 771 812 849 889 887 856 825 802 786 778 769 768 773 782 801 
919 967 961 961 935 866 809 763 725 697 669 625 581 543 506 471 463 461 460 461 463 461 460 458 461 459 456 459 460 463 461 469 461 460 460 467 464 466 468 474 469 476 488 482 481 482 476 480 480 481 480 487 482 481 487 493 490 493 500 510 515 512 501 516 525 521 526 531 525 539 554 572 584 604 620 629 636 634 633 635 642 648 669 697 721 757 792 831 869 887 875 848 821 806 798 782 774 778 781 787 
918 949 967 955 939 872 812 766 728 705 682 636 591 552 518 486 471 463 460 463 464 461 459 459 460 458 458 457 455 456 461 465 465 461 464 467 469 468 466 475 468 475 476 480 487 488 479 481 476 479 480 482 481 479 479 485 484 490 496 503 505 505 500 503 511 520 532 533 530 534 544 567 581 599 618 617 614 620 622 628 635 648 665 690 712 745 777 808 846 882 891 866 833 816 802 803 787 781 785 786 
929 952 968 952 928 872 816 769 733 712 690 646 599 565 537 515 483 469 461 464 467 462 460 460 459 459 459 458 457 458 458 459 466 464 462 463 466 473 467 467 470 475 475 474 485 490 482 481 478 475 483 487 480 478 479 486 482 489 491 500 500 498 501 508 505 510 529 539 539 541 533 556 569 590 607 611 621 621 604 621 636 648 664 678 705 730 760 788 819 855 877 866 847 827 815 811 799 789 790 802 
924 946 957 952 905 861 815 771 738 716 696 652 611 575 552 530 495 472 462 468 466 463 461 460 458 458 461 459 460 458 460 462 463 465 465 468 462 471 468 470 463 470 472 476 483 488 476 478 481 475 483 482 482 480 480 480 479 481 485 490 494 495 497 504 501 505 521 545 549 541 526 533 557 571 591 601 606 605 601 608 630 647 664 679 699 718 744 775 797 828 850 851 834 831 823 814 803 795 790 810 
918 937 944 951 901 854 819 775 741 720 696 657 616 580 558 532 496 472 464 468 470 464 463 462 460 458 457 460 460 461 466 464 459 457 464 467 464 471 471 466 465 472 475 481 475 478 471 471 484 484 479 480 476 475 478 476 478 480 481 490 490 489 490 494 496 507 517 536 538 534 522 519 535 556 576 587 588 595 597 600 611 644 664 678 691 706 734 763 784 810 829 832 831 832 831 820 809 796 805 822 
907 921 920 924 898 854 820 787 743 720 700 668 623 595 570 538 497 473 465 466 466 465 463 463 463 459 455 456 461 459 461 459 460 461 465 473 468 473 467 470 467 475 470 479 479 471 470 472 479 482 478 476 483 479 479 476 480 480 484 499 496 492 490 491 494 504 515 530 535 546 537 525 511 540 563 577 591 595 601 601 608 637 660 674 689 700 725 747 774 801 819 824 832 848 853 835 818 808 809 817 
890 881 884 884 874 853 814 781 745 724 718 688 642 606 576 538 501 473 468 472 474 466 464 461 463 459 458 459 457 460 461 460 463 463 466 466 468 477 471 465 470 473 471 475 475 473 470 470 472 477 488 480 485 480 480 480 480 481 485 499 497 493 491 490 496 514 511 528 544 559 561 541 530 523 550 564 591 603 610 607 598 623 647 668 681 693 712 734 761 796 822 837 844 848 855 846 826 814 800 795 
879 879 862 851 842 844 819 801 756 731 741 703 655 613 576 531 501 474 469 473 475 470 464 463 461 457 458 458 456 457 460 461 460 461 462 465 465 471 473 476 469 467 470 476 480 470 471 471 473 479 480 486 485 483 480 480 481 486 491 494 498 494 501 496 502 511 513 525 540 548 554 544 531 518 531 552 581 595 607 606 603 602 627 659 667 685 702 717 750 783 812 835 845 845 846 844 812 803 791 785 
853 875 871 845 844 857 829 811 761 735 742 707 657 612 566 520 485 476 471 475 475 470 465 465 462 460 458 458 459 460 458 457 460 462 466 469 472 470 472 468 460 467 470 476 475 481 472 481 478 472 472 478 489 482 481 485 485 481 493 500 498 497 505 507 515 516 507 511 526 540 542 535 522 514 510 541 568 587 594 590 591 592 616 640 660 675 700 718 742 772 794 813 832 840 848 847 827 794 776 772 
835 852 860 852 841 841 819 803 765 735 739 713 655 605 558 513 479 474 477 476 476 471 467 465 463 462 460 455 458 460 461 462 464 460 457 466 464 462 464 462 455 463 470 471 476 471 470 482 484 479 473 471 485 480 481 485 486 480 490 494 502 495 499 505 521 516 507 499 511 530 534 543 544 530 508 525 551 569 580 585 582 590 608 625 645 665 687 706 727 754 778 797 821 849 861 847 827 804 782 767 
836 842 843 845 829 836 815 815 788 741 736 713 651 600 546 502 487 478 478 477 473 465 465 465 465 462 458 458 459 463 461 458 462 456 458 460 456 456 458 455 455 455 464 468 467 474 473 472 479 475 474 463 474 480 477 480 481 482 485 489 494 500 491 499 514 513 501 497 507 519 536 547 551 541 520 504 529 546 562 569 575 585 593 606 625 643 664 685 711 737 769 789 821 853 864 846 826 797 777 764 
851 856 857 842 831 815 808 796 785 753 725 704 646 599 552 515 495 484 475 473 469 465 462 463 464 461 455 460 459 460 457 455 459 457 459 461 461 459 456 457 457 457 456 463 464 466 472 471 477 468 466 465 470 474 486 485 480 481 483 486 487 493 484 490 499 499 492 491 499 514 530 527 536 530 515 503 498 515 535 546 557 566 575 585 602 625 643 667 695 725 761 789 824 853 867 850 831 802 777 758 
